GEN3-980-OSU,0.0008,-3.2249,2217.3
CR1200Y1500T-MS-EG,0.0042,-7.1652,3194
CR850Y1180T-RA-SE,0.003,-6.1723,3134.8
CR600Y980-RA-HE-GI,0.0025,-5.1397,2672.6
CR700Y980T-MP-EG,0.0033,-5.7946,2679.4
CR450Y780T-TR-GI,0.002,-3.9759,2029.6
CR340Y590T-DP-HDG,0.0013,-2.8336,1532.1
CR340Y410T-HSLA-EG,0.0018,-3.0347,1403.8
DH1000,0.0023,-4.575,2467.1
DP1000,0.0015,-3.325,2001.4
22MnB5-JMP-MPM_sw,0.0008,-3.2249,2217.3
CR1-UNCOATED-U,0.0008,-3.2249,2217.3
CR1180T875Y-MP-EG60G60G-U,0.0008,-3.2249,2217.3
CR180B2-HD60G60G-U,0.0008,-3.2249,2217.3
CR2-HD60G60G-U,0.0008,-3.2249,2217.3
CR3-HD60G60G-U,0.0008,-3.2249,2217.3
CR3-UNCOATED-U,0.0008,-3.2249,2217.3
CR340LA-HD60G60G-U,0.0008,-3.2249,2217.3
CR340LA-UNCOATED-U,0.0008,-3.2249,2217.3
CR4-HD60G60G-E,0.0008,-3.2249,2217.3
CR590T340Y-DP-HD60G60G-U,0.0008,-3.2249,2217.3
CR590T340Y-DP-UNCOATED-U,0.0008,-3.2249,2217.3
CR980T700Y-MP-LCE-HD60G60G-U,0.0008,-3.2249,2217.3
CR980T700Y-MP-LCE-UNCOATED-U,0.0008,-3.2249,2217.3
HS1300T950Y-MS-AS60G60G-U,0.0008,-3.2249,2217.3
MildSteel,0.0008,-3.2249,2217.3
QP1180,0.0008,-3.2249,2217.3
QP980,0.0008,-3.2249,2217.3
S235-JMP-MPM_sw,0.0008,-3.2249,2217.3
S235-SPM_sw,0.0008,-3.2249,2217.3
S355J2G3-MPM_sw,0.0008,-3.2249,2217.3
S355J2G3-SPM_sw,0.0008,-3.2249,2217.3
